11884
12691
12641
11171
12058
12026
12156
13671
13957
15047
12735
13973
12871
14042
13333
11512
13074
13281
12766
14005
14257
15644
13636
14557
13553
13510
12945
11946
13018
12748
13263
14365
13951
14719
13558
14701
13234
13841
13470
12857
13950
14570
15024
15491
15745
16958
15223
16106
14740
14310
14531
12985
15015
14879
14294
15524
14590
14889
14151
15654
14214
13840
14126
12343
14397
14384
14259
16099
16104
15902
14871
16432
14843
15462
15313
14139
15252
15914
15560
16527
16020
16520
16077
17212
15917
16122
15961
15324
16806
16523
16736
17067
16877
18431
17303
18638
16034
15727
16233
15478
16671
16339
16769
18844
18274
19510
17950
19575
17594
18209
18690
17466
18814
19285
19052
19640
18836
20221
18850
20268
18244
18206
19237
17880
19095
19915
19546
20940
20657
21755
20972
21626
18824
19457
20918
20216
20611
21212
21066
23568
24055
24875
23201
24344
21435
21291
20331
19279
21351
19133
18052
17958
15944
15674
13626
14020
12240
7517
7840
6376
8238
7416
6128
5595
5327
4225
3325
3485
3529
3561
3189
2777
2562
2580
2179
1997
1909
2666
1586
967
900
852
632
579
606
527
427
421
261
242
317
317
191
169
199
168
133
94
67
44
44
63
75
70
85
58
65
56
36
21
12
14
8
20
8
7
