2666631
2654747
2642056
2629415
2618244
2606186
2594160
2582004
2568333
2554376
2539329
2526594
2512646
2499775
2485733
2472400
2460888
2447814
2434533
2421767
2407762
2393505
2377861
2364225
2349668
2336115
2322605
2309660
2297714
2284696
2271948
2258685
2244320
2230369
2215650
2202092
2187391
2174157
2160316
2146846
2133989
2120039
2105469
2090445
2074954
2059209
2042251
2027028
2010922
1996182
1981872
1967341
1954356
1939341
1924462
1910168
1894644
1880054
1865165
1851014
1835360
1821146
1807306
1793180
1780837
1766440
1752056
1737797
1721698
1705594
1689692
1674821
1658389
1643546
1628084
1612771
1598632
1583380
1567466
1551906
1535379
1519359
1502839
1486762
1469550
1453633
1437511
1421550
1406226
1389420
1372897
1356161
1339094
1322217
1303786
1286483
1267845
1251811
1236084
1219851
1204373
1187702
1171363
1154594
1135750
1117476
1097966
1080016
1060441
1042847
1024638
1005948
988482
969668
950383
931331
911691
892855
872634
853784
833516
815272
797066
777829
759949
740854
720939
701393
680453
659796
638041
617069
595443
576619
557162
536244
516028
495417
474205
453139
429571
405516
380641
357440
333096
311661
290370
270039
250760
229409
210276
192224
174266
158322
142648
129022
115002
102762
95245
87405
81029
72791
65375
59247
53652
48325
44100
40775
37290
33761
30200
27011
24234
21672
19092
16913
14916
13007
10341
8755
7788
6888
6036
5404
4825
4219
3692
3265
2844
2583
2341
2024
1707
1516
1347
1148
980
847
753
686
642
598
535
460
390
305
247
182
126
90
69
57
43
35
15
7
